   1.5000000000000000e+03   1.3165000000000000e+04   8.1514550551587299e+07   9.2430265708333328e+07   1.9520880800000003e+06   3.9125000000000000e+05   1.6310027852000004e+08  -9.7009300000000000e+06   8.0270000000000000e+03   4.0892856600000001e+06
   1.3165000000000000e+04   1.3844500000000000e+05   8.1730878030952370e+08   1.0031213871388888e+09   1.7030051539999999e+07   3.7578680000000000e+06   1.7927362206200001e+09  -8.8749750000000000e+07   7.3344000000000000e+04   3.8621136759999998e+07
   8.1514550551587299e+07   8.1730878030952370e+08   1.1625750062730381e+13   8.2340492774457236e+12   2.7597585345844409e+11   2.1797001269224209e+10   1.4478717277871893e+13  -5.3197135987249994e+11   4.2270184197619039e+08   2.2376758823579114e+11
   9.2430265708333328e+07   1.0031213871388888e+09   8.2340492774457236e+12   2.9121263834311629e+13   2.7333412393661945e+11   2.5659078779652779e+10   2.5511788219926492e+13  -5.7499778665000000e+11   5.0206361191666669e+08   3.0634598811291003e+11
   1.9520880800000003e+06   1.7030051539999999e+07   2.7597585345844409e+11   2.7333412393661945e+11   9.4103529505784805e+10   4.1161198829999995e+08   1.3135490846501779e+11  -9.4347943016000004e+09   6.7508585399999991e+06   3.4603245306192989e+09
   3.9125000000000000e+05   3.7578680000000000e+06   2.1797001269224209e+10   2.5659078779652779e+10   4.1161198829999995e+08   1.4101401400000000e+08   5.3888035580990005e+10  -3.2897791100000000e+09   2.3465940000000000e+06   1.2834021558000002e+09
   1.6310027852000004e+08   1.7927362206200001e+09   1.4478717277871893e+13   2.5511788219926492e+13   1.3135490846501779e+11   5.3888035580990005e+10   6.0292285658920375e+13  -1.2109050835858999e+12   9.7779994417000008e+08   6.9526350998074841e+11
  -9.7009300000000000e+06  -8.8749750000000000e+07  -5.3197135987249994e+11  -5.7499778665000000e+11  -9.4347943016000004e+09  -3.2897791100000000e+09  -1.2109050835858999e+12   1.1163303450000000e+11  -5.7283430000000000e+07  -3.1440554063299999e+10
   8.0270000000000000e+03   7.3344000000000000e+04   4.2270184197619039e+08   5.0206361191666669e+08   6.7508585399999991e+06   2.3465940000000000e+06   9.7779994417000008e+08  -5.7283430000000000e+07   6.0217000000000000e+04   3.2350895909999996e+07
   4.0892856600000001e+06   3.8621136759999998e+07   2.2376758823579114e+11   3.0634598811291003e+11   3.4603245306192989e+09   1.2834021558000002e+09   6.9526350998074841e+11  -3.1440554063299999e+10   3.2350895909999996e+07   3.1354870010947399e+10
